* Measurement data measured by REW V5.40
* Source: synthetic test, peaks at 42/71/118/250 Hz (+11/+8/+5/+9 dB)
* Freq(Hz) SPL(dB) Phase(degrees)
10.0000 76.777 0.0
10.0381 76.805 0.0
10.0763 76.832 0.0
10.1147 76.860 0.0
10.1533 76.887 0.0
10.1919 76.914 0.0
10.2308 76.940 0.0
10.2697 76.967 0.0
10.3089 76.993 0.0
10.3481 77.019 0.0
10.3876 77.044 0.0
10.4271 77.070 0.0
10.4669 77.095 0.0
10.5067 77.120 0.0
10.5468 77.144 0.0
10.5869 77.169 0.0
10.6273 77.193 0.0
10.6677 77.216 0.0
10.7084 77.240 0.0
10.7492 77.263 0.0
10.7901 77.286 0.0
10.8312 77.309 0.0
10.8725 77.331 0.0
10.9139 77.353 0.0
10.9555 77.375 0.0
10.9972 77.396 0.0
11.0391 77.417 0.0
11.0812 77.438 0.0
11.1234 77.458 0.0
11.1658 77.479 0.0
11.2083 77.498 0.0
11.2510 77.518 0.0
11.2939 77.537 0.0
11.3369 77.556 0.0
11.3801 77.575 0.0
11.4234 77.593 0.0
11.4670 77.611 0.0
11.5106 77.628 0.0
11.5545 77.645 0.0
11.5985 77.662 0.0
11.6427 77.679 0.0
11.6871 77.695 0.0
11.7316 77.711 0.0
11.7763 77.727 0.0
11.8211 77.742 0.0
11.8662 77.757 0.0
11.9114 77.771 0.0
11.9567 77.785 0.0
12.0023 77.799 0.0
12.0480 77.812 0.0
12.0939 77.825 0.0
12.1400 77.838 0.0
12.1862 77.850 0.0
12.2327 77.862 0.0
12.2793 77.874 0.0
12.3260 77.885 0.0
12.3730 77.896 0.0
12.4201 77.906 0.0
12.4675 77.917 0.0
12.5149 77.926 0.0
12.5626 77.936 0.0
12.6105 77.945 0.0
12.6585 77.953 0.0
12.7067 77.962 0.0
12.7552 77.970 0.0
12.8037 77.977 0.0
12.8525 77.984 0.0
12.9015 77.991 0.0
12.9506 77.997 0.0
13.0000 78.003 0.0
13.0495 78.009 0.0
13.0992 78.014 0.0
13.1491 78.019 0.0
13.1992 78.023 0.0
13.2495 78.027 0.0
13.3000 78.031 0.0
13.3506 78.034 0.0
13.4015 78.037 0.0
13.4525 78.040 0.0
13.5038 78.042 0.0
13.5552 78.044 0.0
13.6069 78.045 0.0
13.6587 78.046 0.0
13.7108 78.047 0.0
13.7630 78.047 0.0
13.8154 78.047 0.0
13.8680 78.046 0.0
13.9209 78.045 0.0
13.9739 78.044 0.0
14.0271 78.042 0.0
14.0806 78.040 0.0
14.1342 78.038 0.0
14.1881 78.035 0.0
14.2421 78.032 0.0
14.2964 78.028 0.0
14.3508 78.024 0.0
14.4055 78.020 0.0
14.4604 78.015 0.0
14.5155 78.010 0.0
14.5708 78.004 0.0
14.6263 77.998 0.0
14.6820 77.992 0.0
14.7379 77.985 0.0
14.7941 77.978 0.0
14.8504 77.971 0.0
14.9070 77.963 0.0
14.9638 77.955 0.0
15.0208 77.946 0.0
15.0780 77.938 0.0
15.1355 77.928 0.0
15.1931 77.919 0.0
15.2510 77.909 0.0
15.3091 77.898 0.0
15.3674 77.888 0.0
15.4260 77.877 0.0
15.4847 77.865 0.0
15.5437 77.853 0.0
15.6030 77.841 0.0
15.6624 77.829 0.0
15.7221 77.816 0.0
15.7820 77.803 0.0
15.8421 77.789 0.0
15.9024 77.775 0.0
15.9630 77.761 0.0
16.0238 77.746 0.0
16.0849 77.731 0.0
16.1461 77.716 0.0
16.2077 77.700 0.0
16.2694 77.685 0.0
16.3314 77.668 0.0
16.3936 77.652 0.0
16.4561 77.635 0.0
16.5187 77.617 0.0
16.5817 77.600 0.0
16.6448 77.582 0.0
16.7083 77.564 0.0
16.7719 77.545 0.0
16.8358 77.526 0.0
16.8999 77.507 0.0
16.9643 77.488 0.0
17.0289 77.468 0.0
17.0938 77.448 0.0
17.1589 77.428 0.0
17.2243 77.407 0.0
17.2899 77.386 0.0
17.3558 77.365 0.0
17.4219 77.344 0.0
17.4883 77.322 0.0
17.5549 77.300 0.0
17.6218 77.277 0.0
17.6889 77.255 0.0
17.7563 77.232 0.0
17.8239 77.209 0.0
17.8918 77.185 0.0
17.9600 77.162 0.0
18.0284 77.138 0.0
18.0971 77.114 0.0
18.1660 77.089 0.0
18.2353 77.064 0.0
18.3047 77.040 0.0
18.3745 77.014 0.0
18.4445 76.989 0.0
18.5147 76.963 0.0
18.5853 76.938 0.0
18.6561 76.911 0.0
18.7271 76.885 0.0
18.7985 76.859 0.0
18.8701 76.832 0.0
18.9420 76.805 0.0
19.0141 76.778 0.0
19.0866 76.751 0.0
19.1593 76.723 0.0
19.2323 76.695 0.0
19.3055 76.667 0.0
19.3791 76.639 0.0
19.4529 76.611 0.0
19.5270 76.583 0.0
19.6014 76.554 0.0
19.6761 76.525 0.0
19.7510 76.496 0.0
19.8263 76.467 0.0
19.9018 76.438 0.0
19.9776 76.409 0.0
20.0537 76.379 0.0
20.1301 76.350 0.0
20.2068 76.320 0.0
20.2838 76.290 0.0
20.3611 76.260 0.0
20.4386 76.230 0.0
20.5165 76.199 0.0
20.5947 76.169 0.0
20.6731 76.138 0.0
20.7519 76.108 0.0
20.8309 76.077 0.0
20.9103 76.046 0.0
20.9900 76.015 0.0
21.0699 75.984 0.0
21.1502 75.953 0.0
21.2308 75.922 0.0
21.3116 75.891 0.0
21.3928 75.859 0.0
21.4743 75.828 0.0
21.5561 75.797 0.0
21.6383 75.765 0.0
21.7207 75.734 0.0
21.8034 75.702 0.0
21.8865 75.671 0.0
21.9699 75.639 0.0
22.0536 75.608 0.0
22.1376 75.576 0.0
22.2219 75.544 0.0
22.3066 75.513 0.0
22.3916 75.481 0.0
22.4769 75.449 0.0
22.5625 75.418 0.0
22.6484 75.386 0.0
22.7347 75.355 0.0
22.8213 75.323 0.0
22.9083 75.291 0.0
22.9955 75.260 0.0
23.0831 75.228 0.0
23.1711 75.197 0.0
23.2594 75.166 0.0
23.3480 75.134 0.0
23.4369 75.103 0.0
23.5262 75.072 0.0
23.6158 75.041 0.0
23.7058 75.010 0.0
23.7961 74.979 0.0
23.8867 74.948 0.0
23.9777 74.917 0.0
24.0691 74.887 0.0
24.1608 74.856 0.0
24.2528 74.826 0.0
24.3452 74.796 0.0
24.4380 74.765 0.0
24.5311 74.735 0.0
24.6245 74.706 0.0
24.7183 74.676 0.0
24.8125 74.646 0.0
24.9070 74.617 0.0
25.0019 74.588 0.0
25.0972 74.559 0.0
25.1928 74.530 0.0
25.2887 74.501 0.0
25.3851 74.473 0.0
25.4818 74.445 0.0
25.5789 74.417 0.0
25.6763 74.389 0.0
25.7741 74.361 0.0
25.8723 74.334 0.0
25.9709 74.307 0.0
26.0698 74.280 0.0
26.1691 74.253 0.0
26.2688 74.227 0.0
26.3689 74.201 0.0
26.4693 74.175 0.0
26.5702 74.149 0.0
26.6714 74.124 0.0
26.7730 74.099 0.0
26.8750 74.075 0.0
26.9774 74.050 0.0
27.0802 74.026 0.0
27.1833 74.003 0.0
27.2869 73.979 0.0
27.3908 73.957 0.0
27.4952 73.934 0.0
27.5999 73.912 0.0
27.7051 73.890 0.0
27.8106 73.869 0.0
27.9166 73.848 0.0
28.0229 73.827 0.0
28.1297 73.807 0.0
28.2368 73.788 0.0
28.3444 73.768 0.0
28.4524 73.750 0.0
28.5608 73.731 0.0
28.6696 73.714 0.0
28.7788 73.696 0.0
28.8884 73.680 0.0
28.9985 73.663 0.0
29.1090 73.648 0.0
29.2199 73.633 0.0
29.3312 73.618 0.0
29.4429 73.604 0.0
29.5551 73.591 0.0
29.6677 73.578 0.0
29.7807 73.566 0.0
29.8941 73.555 0.0
30.0080 73.544 0.0
30.1223 73.534 0.0
30.2371 73.525 0.0
30.3523 73.517 0.0
30.4679 73.509 0.0
30.5840 73.502 0.0
30.7005 73.496 0.0
30.8175 73.491 0.0
30.9349 73.486 0.0
31.0527 73.483 0.0
31.1710 73.480 0.0
31.2898 73.479 0.0
31.4090 73.478 0.0
31.5286 73.479 0.0
31.6487 73.480 0.0
31.7693 73.483 0.0
31.8903 73.487 0.0
32.0118 73.492 0.0
32.1338 73.498 0.0
32.2562 73.505 0.0
32.3791 73.514 0.0
32.5024 73.524 0.0
32.6262 73.536 0.0
32.7505 73.549 0.0
32.8753 73.564 0.0
33.0005 73.580 0.0
33.1263 73.598 0.0
33.2525 73.618 0.0
33.3791 73.640 0.0
33.5063 73.663 0.0
33.6339 73.689 0.0
33.7621 73.717 0.0
33.8907 73.746 0.0
34.0198 73.779 0.0
34.1494 73.813 0.0
34.2795 73.851 0.0
34.4101 73.891 0.0
34.5412 73.933 0.0
34.6728 73.979 0.0
34.8048 74.028 0.0
34.9374 74.080 0.0
35.0705 74.136 0.0
35.2041 74.195 0.0
35.3383 74.258 0.0
35.4729 74.325 0.0
35.6080 74.397 0.0
35.7437 74.473 0.0
35.8798 74.553 0.0
36.0165 74.639 0.0
36.1537 74.730 0.0
36.2915 74.827 0.0
36.4297 74.930 0.0
36.5685 75.039 0.0
36.7078 75.155 0.0
36.8477 75.278 0.0
36.9880 75.408 0.0
37.1289 75.547 0.0
37.2704 75.693 0.0
37.4124 75.848 0.0
37.5549 76.013 0.0
37.6980 76.187 0.0
37.8416 76.371 0.0
37.9857 76.565 0.0
38.1304 76.770 0.0
38.2757 76.987 0.0
38.4215 77.215 0.0
38.5679 77.454 0.0
38.7148 77.706 0.0
38.8623 77.969 0.0
39.0104 78.244 0.0
39.1590 78.530 0.0
39.3082 78.827 0.0
39.4579 79.134 0.0
39.6082 79.449 0.0
39.7591 79.772 0.0
39.9106 80.099 0.0
40.0626 80.429 0.0
40.2152 80.759 0.0
40.3684 81.084 0.0
40.5222 81.402 0.0
40.6766 81.708 0.0
40.8316 81.998 0.0
40.9871 82.266 0.0
41.1433 82.508 0.0
41.3000 82.719 0.0
41.4573 82.895 0.0
41.6153 83.032 0.0
41.7738 83.127 0.0
41.9330 83.177 0.0
42.0927 83.183 0.0
42.2531 83.143 0.0
42.4140 83.060 0.0
42.5756 82.935 0.0
42.7378 82.771 0.0
42.9006 82.573 0.0
43.0640 82.344 0.0
43.2281 82.091 0.0
43.3928 81.816 0.0
43.5581 81.526 0.0
43.7240 81.225 0.0
43.8906 80.917 0.0
44.0578 80.605 0.0
44.2256 80.294 0.0
44.3941 79.985 0.0
44.5633 79.682 0.0
44.7330 79.386 0.0
44.9034 79.099 0.0
45.0745 78.822 0.0
45.2462 78.556 0.0
45.4186 78.301 0.0
45.5916 78.057 0.0
45.7653 77.826 0.0
45.9396 77.606 0.0
46.1147 77.399 0.0
46.2903 77.202 0.0
46.4667 77.017 0.0
46.6437 76.842 0.0
46.8214 76.678 0.0
46.9998 76.524 0.0
47.1788 76.380 0.0
47.3585 76.244 0.0
47.5390 76.118 0.0
47.7201 75.999 0.0
47.9019 75.888 0.0
48.0843 75.785 0.0
48.2675 75.689 0.0
48.4514 75.599 0.0
48.6360 75.516 0.0
48.8213 75.438 0.0
49.0073 75.367 0.0
49.1940 75.300 0.0
49.3814 75.239 0.0
49.5695 75.182 0.0
49.7583 75.130 0.0
49.9479 75.083 0.0
50.1382 75.039 0.0
50.3292 75.000 0.0
50.5209 74.964 0.0
50.7134 74.931 0.0
50.9066 74.902 0.0
51.1005 74.876 0.0
51.2952 74.854 0.0
51.4906 74.834 0.0
51.6867 74.816 0.0
51.8836 74.802 0.0
52.0813 74.790 0.0
52.2797 74.781 0.0
52.4789 74.774 0.0
52.6788 74.769 0.0
52.8795 74.766 0.0
53.0809 74.766 0.0
53.2832 74.767 0.0
53.4861 74.771 0.0
53.6899 74.776 0.0
53.8944 74.783 0.0
54.0997 74.793 0.0
54.3058 74.803 0.0
54.5127 74.816 0.0
54.7204 74.831 0.0
54.9289 74.847 0.0
55.1381 74.864 0.0
55.3482 74.884 0.0
55.5590 74.905 0.0
55.7707 74.928 0.0
55.9831 74.952 0.0
56.1964 74.978 0.0
56.4105 75.005 0.0
56.6254 75.034 0.0
56.8411 75.065 0.0
57.0577 75.098 0.0
57.2750 75.132 0.0
57.4932 75.167 0.0
57.7123 75.205 0.0
57.9321 75.244 0.0
58.1528 75.286 0.0
58.3744 75.329 0.0
58.5967 75.374 0.0
58.8200 75.421 0.0
59.0440 75.470 0.0
59.2690 75.521 0.0
59.4948 75.574 0.0
59.7214 75.630 0.0
59.9489 75.689 0.0
60.1773 75.750 0.0
60.4066 75.813 0.0
60.6367 75.880 0.0
60.8677 75.950 0.0
61.0996 76.023 0.0
61.3323 76.099 0.0
61.5660 76.180 0.0
61.8005 76.264 0.0
62.0360 76.353 0.0
62.2723 76.446 0.0
62.5095 76.544 0.0
62.7477 76.647 0.0
62.9867 76.756 0.0
63.2267 76.871 0.0
63.4675 76.993 0.0
63.7093 77.121 0.0
63.9520 77.258 0.0
64.1956 77.403 0.0
64.4402 77.556 0.0
64.6857 77.719 0.0
64.9321 77.892 0.0
65.1795 78.077 0.0
65.4278 78.273 0.0
65.6770 78.481 0.0
65.9273 78.703 0.0
66.1784 78.938 0.0
66.4305 79.188 0.0
66.6836 79.453 0.0
66.9376 79.732 0.0
67.1926 80.027 0.0
67.4486 80.335 0.0
67.7056 80.656 0.0
67.9635 80.989 0.0
68.2224 81.329 0.0
68.4823 81.675 0.0
68.7432 82.020 0.0
69.0051 82.360 0.0
69.2680 82.687 0.0
69.5318 82.993 0.0
69.7967 83.271 0.0
70.0626 83.512 0.0
70.3295 83.708 0.0
70.5975 83.853 0.0
70.8664 83.942 0.0
71.1364 83.972 0.0
71.4074 83.944 0.0
71.6794 83.859 0.0
71.9525 83.723 0.0
72.2266 83.542 0.0
72.5017 83.325 0.0
72.7780 83.079 0.0
73.0552 82.812 0.0
73.3335 82.533 0.0
73.6129 82.248 0.0
73.8933 81.962 0.0
74.1748 81.682 0.0
74.4574 81.409 0.0
74.7411 81.148 0.0
75.0258 80.899 0.0
75.3116 80.665 0.0
75.5985 80.444 0.0
75.8865 80.239 0.0
76.1756 80.048 0.0
76.4658 79.871 0.0
76.7571 79.708 0.0
77.0495 79.558 0.0
77.3430 79.420 0.0
77.6377 79.293 0.0
77.9335 79.177 0.0
78.2304 79.071 0.0
78.5284 78.974 0.0
78.8275 78.886 0.0
79.1278 78.805 0.0
79.4293 78.732 0.0
79.7319 78.666 0.0
80.0356 78.605 0.0
80.3405 78.551 0.0
80.6466 78.502 0.0
80.9538 78.457 0.0
81.2622 78.417 0.0
81.5718 78.381 0.0
81.8826 78.349 0.0
82.1945 78.320 0.0
82.5076 78.295 0.0
82.8219 78.272 0.0
83.1375 78.253 0.0
83.4542 78.235 0.0
83.7721 78.221 0.0
84.0912 78.208 0.0
84.4116 78.197 0.0
84.7332 78.188 0.0
85.0560 78.181 0.0
85.3800 78.176 0.0
85.7053 78.172 0.0
86.0318 78.169 0.0
86.3595 78.168 0.0
86.6885 78.167 0.0
87.0187 78.168 0.0
87.3503 78.170 0.0
87.6830 78.173 0.0
88.0171 78.177 0.0
88.3524 78.181 0.0
88.6890 78.186 0.0
89.0268 78.193 0.0
89.3660 78.199 0.0
89.7064 78.207 0.0
90.0482 78.215 0.0
90.3912 78.223 0.0
90.7356 78.232 0.0
91.0812 78.242 0.0
91.4282 78.252 0.0
91.7765 78.263 0.0
92.1262 78.274 0.0
92.4771 78.285 0.0
92.8294 78.297 0.0
93.1831 78.309 0.0
93.5381 78.322 0.0
93.8944 78.335 0.0
94.2521 78.349 0.0
94.6112 78.363 0.0
94.9716 78.377 0.0
95.3334 78.392 0.0
95.6966 78.407 0.0
96.0611 78.422 0.0
96.4271 78.438 0.0
96.7944 78.455 0.0
97.1632 78.472 0.0
97.5333 78.489 0.0
97.9049 78.507 0.0
98.2779 78.526 0.0
98.6523 78.545 0.0
99.0281 78.565 0.0
99.4054 78.586 0.0
99.7840 78.607 0.0
100.1642 78.629 0.0
100.5458 78.653 0.0
100.9288 78.677 0.0
101.3133 78.702 0.0
101.6993 78.729 0.0
102.0867 78.757 0.0
102.4756 78.786 0.0
102.8660 78.817 0.0
103.2579 78.850 0.0
103.6512 78.885 0.0
104.0461 78.922 0.0
104.4425 78.961 0.0
104.8404 79.003 0.0
105.2398 79.048 0.0
105.6407 79.096 0.0
106.0431 79.148 0.0
106.4471 79.204 0.0
106.8526 79.264 0.0
107.2597 79.329 0.0
107.6683 79.400 0.0
108.0785 79.476 0.0
108.4902 79.560 0.0
108.9035 79.651 0.0
109.3184 79.750 0.0
109.7349 79.858 0.0
110.1529 79.976 0.0
110.5725 80.105 0.0
110.9938 80.245 0.0
111.4166 80.399 0.0
111.8411 80.565 0.0
112.2671 80.746 0.0
112.6948 80.941 0.0
113.1242 81.149 0.0
113.5551 81.371 0.0
113.9877 81.602 0.0
114.4220 81.842 0.0
114.8579 82.083 0.0
115.2954 82.321 0.0
115.7346 82.547 0.0
116.1755 82.752 0.0
116.6181 82.925 0.0
117.0624 83.057 0.0
117.5084 83.140 0.0
117.9560 83.166 0.0
118.4054 83.136 0.0
118.8565 83.049 0.0
119.3092 82.910 0.0
119.7638 82.729 0.0
120.2200 82.515 0.0
120.6780 82.277 0.0
121.1377 82.026 0.0
121.5992 81.769 0.0
122.0625 81.514 0.0
122.5275 81.265 0.0
122.9943 81.026 0.0
123.4628 80.800 0.0
123.9332 80.587 0.0
124.4053 80.388 0.0
124.8792 80.204 0.0
125.3550 80.033 0.0
125.8325 79.874 0.0
126.3119 79.728 0.0
126.7931 79.592 0.0
127.2761 79.467 0.0
127.7610 79.351 0.0
128.2477 79.243 0.0
128.7363 79.143 0.0
129.2267 79.050 0.0
129.7190 78.963 0.0
130.2132 78.881 0.0
130.7092 78.805 0.0
131.2072 78.733 0.0
131.7070 78.665 0.0
132.2088 78.601 0.0
132.7124 78.539 0.0
133.2180 78.481 0.0
133.7255 78.426 0.0
134.2350 78.373 0.0
134.7464 78.322 0.0
135.2597 78.273 0.0
135.7750 78.226 0.0
136.2922 78.180 0.0
136.8114 78.136 0.0
137.3326 78.093 0.0
137.8558 78.051 0.0
138.3810 78.011 0.0
138.9082 77.971 0.0
139.4373 77.932 0.0
139.9685 77.894 0.0
140.5018 77.857 0.0
141.0370 77.820 0.0
141.5743 77.784 0.0
142.1136 77.749 0.0
142.6550 77.714 0.0
143.1985 77.679 0.0
143.7440 77.645 0.0
144.2916 77.611 0.0
144.8413 77.577 0.0
145.3931 77.544 0.0
145.9470 77.511 0.0
146.5030 77.478 0.0
147.0611 77.445 0.0
147.6214 77.413 0.0
148.1837 77.380 0.0
148.7483 77.348 0.0
149.3149 77.316 0.0
149.8838 77.284 0.0
150.4547 77.252 0.0
151.0279 77.221 0.0
151.6033 77.189 0.0
152.1808 77.157 0.0
152.7606 77.126 0.0
153.3425 77.094 0.0
153.9267 77.063 0.0
154.5131 77.031 0.0
155.1017 77.000 0.0
155.6926 76.968 0.0
156.2857 76.937 0.0
156.8811 76.906 0.0
157.4788 76.874 0.0
158.0787 76.843 0.0
158.6809 76.812 0.0
159.2854 76.781 0.0
159.8922 76.749 0.0
160.5013 76.718 0.0
161.1128 76.687 0.0
161.7266 76.656 0.0
162.3427 76.624 0.0
162.9611 76.593 0.0
163.5820 76.562 0.0
164.2051 76.531 0.0
164.8307 76.500 0.0
165.4586 76.469 0.0
166.0890 76.438 0.0
166.7217 76.407 0.0
167.3568 76.376 0.0
167.9944 76.345 0.0
168.6344 76.314 0.0
169.2768 76.283 0.0
169.9217 76.253 0.0
170.5690 76.222 0.0
171.2188 76.191 0.0
171.8711 76.161 0.0
172.5258 76.130 0.0
173.1831 76.100 0.0
173.8429 76.070 0.0
174.5051 76.040 0.0
175.1699 76.010 0.0
175.8372 75.980 0.0
176.5071 75.951 0.0
177.1795 75.921 0.0
177.8545 75.892 0.0
178.5321 75.863 0.0
179.2122 75.834 0.0
179.8949 75.805 0.0
180.5802 75.777 0.0
181.2682 75.749 0.0
181.9587 75.721 0.0
182.6519 75.693 0.0
183.3478 75.665 0.0
184.0462 75.638 0.0
184.7474 75.611 0.0
185.4512 75.585 0.0
186.1577 75.559 0.0
186.8669 75.533 0.0
187.5788 75.507 0.0
188.2934 75.482 0.0
189.0107 75.458 0.0
189.7307 75.433 0.0
190.4535 75.410 0.0
191.1791 75.387 0.0
191.9074 75.364 0.0
192.6385 75.342 0.0
193.3724 75.321 0.0
194.1090 75.300 0.0
194.8485 75.280 0.0
195.5908 75.260 0.0
196.3359 75.242 0.0
197.0839 75.224 0.0
197.8347 75.207 0.0
198.5883 75.190 0.0
199.3449 75.175 0.0
200.1043 75.161 0.0
200.8666 75.148 0.0
201.6318 75.136 0.0
202.4000 75.125 0.0
203.1710 75.115 0.0
203.9450 75.107 0.0
204.7220 75.100 0.0
205.5019 75.095 0.0
206.2848 75.091 0.0
207.0706 75.089 0.0
207.8595 75.089 0.0
208.6513 75.091 0.0
209.4462 75.095 0.0
210.2441 75.101 0.0
211.0451 75.110 0.0
211.8491 75.121 0.0
212.6561 75.135 0.0
213.4663 75.151 0.0
214.2795 75.171 0.0
215.0958 75.195 0.0
215.9152 75.222 0.0
216.7378 75.253 0.0
217.5635 75.288 0.0
218.3923 75.328 0.0
219.2243 75.372 0.0
220.0594 75.422 0.0
220.8978 75.478 0.0
221.7393 75.540 0.0
222.5840 75.609 0.0
223.4320 75.685 0.0
224.2832 75.769 0.0
225.1376 75.861 0.0
225.9953 75.963 0.0
226.8562 76.074 0.0
227.7204 76.196 0.0
228.5880 76.330 0.0
229.4588 76.476 0.0
230.3329 76.635 0.0
231.2104 76.808 0.0
232.0912 76.996 0.0
232.9754 77.200 0.0
233.8629 77.420 0.0
234.7539 77.656 0.0
235.6482 77.909 0.0
236.5459 78.179 0.0
237.4470 78.465 0.0
238.3516 78.766 0.0
239.2596 79.080 0.0
240.1711 79.403 0.0
241.0861 79.732 0.0
242.0045 80.062 0.0
242.9265 80.386 0.0
243.8519 80.696 0.0
244.7809 80.983 0.0
245.7134 81.240 0.0
246.6495 81.455 0.0
247.5891 81.621 0.0
248.5323 81.729 0.0
249.4791 81.775 0.0
250.4295 81.756 0.0
251.3836 81.670 0.0
252.3412 81.522 0.0
253.3026 81.316 0.0
254.2675 81.059 0.0
255.2362 80.761 0.0
256.2085 80.430 0.0
257.1846 80.077 0.0
258.1644 79.709 0.0
259.1479 79.334 0.0
260.1351 78.959 0.0
261.1261 78.590 0.0
262.1209 78.230 0.0
263.1195 77.882 0.0
264.1218 77.550 0.0
265.1280 77.233 0.0
266.1381 76.933 0.0
267.1519 76.650 0.0
268.1697 76.384 0.0
269.1913 76.134 0.0
270.2168 75.900 0.0
271.2462 75.682 0.0
272.2796 75.477 0.0
273.3168 75.285 0.0
274.3581 75.107 0.0
275.4033 74.940 0.0
276.4524 74.783 0.0
277.5056 74.637 0.0
278.5628 74.501 0.0
279.6240 74.373 0.0
280.6892 74.253 0.0
281.7586 74.140 0.0
282.8319 74.035 0.0
283.9094 73.936 0.0
284.9910 73.843 0.0
286.0767 73.755 0.0
287.1665 73.673 0.0
288.2605 73.596 0.0
289.3587 73.523 0.0
290.4610 73.454 0.0
291.5675 73.389 0.0
292.6783 73.328 0.0
293.7933 73.270 0.0
294.9125 73.215 0.0
296.0360 73.163 0.0
297.1638 73.115 0.0
298.2959 73.068 0.0
299.4322 73.025 0.0
300.5730 72.983 0.0
301.7180 72.944 0.0
302.8674 72.907 0.0
304.0212 72.872 0.0
305.1794 72.839 0.0
306.3420 72.808 0.0
307.5091 72.778 0.0
308.6806 72.750 0.0
309.8565 72.724 0.0
311.0369 72.699 0.0
312.2219 72.676 0.0
313.4113 72.653 0.0
314.6053 72.633 0.0
315.8038 72.613 0.0
317.0069 72.595 0.0
318.2145 72.578 0.0
319.4268 72.561 0.0
320.6437 72.546 0.0
321.8652 72.533 0.0
323.0914 72.520 0.0
324.3222 72.508 0.0
325.5578 72.497 0.0
326.7980 72.486 0.0
328.0430 72.477 0.0
329.2927 72.469 0.0
330.5471 72.461 0.0
331.8064 72.455 0.0
333.0704 72.449 0.0
334.3393 72.444 0.0
335.6130 72.439 0.0
336.8916 72.436 0.0
338.1750 72.433 0.0
339.4633 72.430 0.0
340.7565 72.429 0.0
342.0546 72.428 0.0
343.3577 72.428 0.0
344.6658 72.428 0.0
345.9788 72.429 0.0
347.2968 72.431 0.0
348.6199 72.433 0.0
349.9480 72.436 0.0
351.2812 72.440 0.0
352.6194 72.444 0.0
353.9627 72.449 0.0
355.3112 72.454 0.0
356.6648 72.459 0.0
358.0235 72.466 0.0
359.3875 72.473 0.0
360.7566 72.480 0.0
362.1309 72.488 0.0
363.5105 72.496 0.0
364.8953 72.505 0.0
366.2854 72.514 0.0
367.6808 72.524 0.0
369.0815 72.535 0.0
370.4876 72.546 0.0
371.8990 72.557 0.0
373.3158 72.569 0.0
374.7379 72.581 0.0
376.1655 72.593 0.0
377.5986 72.606 0.0
379.0371 72.620 0.0
380.4810 72.634 0.0
381.9305 72.648 0.0
383.3855 72.663 0.0
384.8461 72.678 0.0
386.3122 72.694 0.0
387.7839 72.710 0.0
389.2612 72.727 0.0
390.7441 72.743 0.0
392.2327 72.761 0.0
393.7269 72.778 0.0
395.2268 72.796 0.0
396.7325 72.815 0.0
398.2439 72.833 0.0
399.7610 72.852 0.0
401.2839 72.872 0.0
402.8127 72.892 0.0
404.3472 72.912 0.0
405.8876 72.932 0.0
407.4339 72.953 0.0
408.9860 72.974 0.0
410.5441 72.996 0.0
412.1081 73.018 0.0
413.6781 73.040 0.0
415.2540 73.062 0.0
416.8360 73.085 0.0
418.4240 73.108 0.0
420.0180 73.132 0.0
421.6181 73.156 0.0
423.2243 73.180 0.0
424.8366 73.204 0.0
426.4550 73.229 0.0
428.0796 73.253 0.0
429.7105 73.279 0.0
431.3475 73.304 0.0
432.9907 73.330 0.0
434.6403 73.356 0.0
436.2961 73.382 0.0
437.9582 73.408 0.0
439.6266 73.435 0.0
441.3014 73.462 0.0
442.9826 73.489 0.0
444.6702 73.517 0.0
446.3642 73.545 0.0
448.0646 73.573 0.0
449.7716 73.601 0.0
451.4850 73.629 0.0
453.2050 73.658 0.0
454.9315 73.686 0.0
456.6646 73.716 0.0
458.4043 73.745 0.0
460.1507 73.774 0.0
461.9036 73.804 0.0
463.6633 73.834 0.0
465.4297 73.864 0.0
467.2028 73.894 0.0
468.9826 73.924 0.0
470.7693 73.955 0.0
472.5627 73.985 0.0
474.3630 74.016 0.0
476.1701 74.047 0.0
477.9841 74.078 0.0
479.8050 74.110 0.0
481.6329 74.141 0.0
483.4677 74.173 0.0
485.3095 74.204 0.0
487.1584 74.236 0.0
489.0142 74.268 0.0
490.8772 74.300 0.0
492.7472 74.332 0.0
494.6244 74.365 0.0
496.5087 74.397 0.0
498.4002 74.430 0.0
500.2989 74.462 0.0
502.2048 74.495 0.0
504.1180 74.528 0.0
506.0385 74.561 0.0
507.9663 74.594 0.0
509.9015 74.627 0.0
511.8440 74.660 0.0
513.7939 74.693 0.0
515.7512 74.726 0.0
517.7160 74.759 0.0
519.6883 74.793 0.0
521.6681 74.826 0.0
523.6555 74.860 0.0
525.6504 74.893 0.0
527.6529 74.927 0.0
529.6630 74.960 0.0
531.6808 74.994 0.0
533.7063 75.027 0.0
535.7395 75.061 0.0
537.7805 75.094 0.0
539.8292 75.128 0.0
541.8857 75.162 0.0
543.9501 75.195 0.0
546.0223 75.229 0.0
548.1024 75.262 0.0
550.1905 75.296 0.0
552.2865 75.329 0.0
554.3905 75.363 0.0
556.5025 75.396 0.0
558.6225 75.430 0.0
560.7506 75.463 0.0
562.8869 75.496 0.0
565.0312 75.530 0.0
567.1838 75.563 0.0
569.3445 75.596 0.0
571.5135 75.629 0.0
573.6907 75.662 0.0
575.8762 75.695 0.0
578.0701 75.728 0.0
580.2723 75.761 0.0
582.4829 75.794 0.0
584.7019 75.826 0.0
586.9294 75.859 0.0
589.1653 75.891 0.0
591.4098 75.923 0.0
593.6629 75.956 0.0
595.9245 75.988 0.0
598.1947 76.020 0.0
600.4736 76.052 0.0
602.7611 76.083 0.0
605.0574 76.115 0.0
607.3624 76.146 0.0
609.6762 76.178 0.0
611.9988 76.209 0.0
614.3303 76.240 0.0
616.6707 76.271 0.0
619.0199 76.302 0.0
621.3781 76.332 0.0
623.7453 76.363 0.0
626.1215 76.393 0.0
628.5068 76.423 0.0
630.9012 76.453 0.0
633.3046 76.482 0.0
635.7173 76.512 0.0
638.1391 76.541 0.0
640.5701 76.570 0.0
643.0105 76.599 0.0
645.4601 76.628 0.0
647.9190 76.657 0.0
650.3873 76.685 0.0
652.8650 76.713 0.0
655.3522 76.741 0.0
657.8488 76.769 0.0
660.3549 76.796 0.0
662.8706 76.824 0.0
665.3959 76.851 0.0
667.9308 76.877 0.0
670.4753 76.904 0.0
673.0295 76.930 0.0
675.5935 76.956 0.0
678.1672 76.982 0.0
680.7508 77.008 0.0
683.3442 77.033 0.0
685.9474 77.058 0.0
688.5606 77.083 0.0
691.1837 77.107 0.0
693.8169 77.132 0.0
696.4600 77.156 0.0
699.1132 77.179 0.0
701.7766 77.203 0.0
704.4501 77.226 0.0
707.1337 77.249 0.0
709.8276 77.271 0.0
712.5318 77.294 0.0
715.2462 77.316 0.0
717.9710 77.337 0.0
720.7062 77.359 0.0
723.4518 77.380 0.0
726.2078 77.401 0.0
728.9744 77.421 0.0
731.7515 77.442 0.0
734.5392 77.461 0.0
737.3375 77.481 0.0
740.1464 77.500 0.0
742.9661 77.519 0.0
745.7965 77.538 0.0
748.6376 77.556 0.0
751.4896 77.574 0.0
754.3525 77.592 0.0
757.2263 77.609 0.0
760.1110 77.626 0.0
763.0067 77.643 0.0
765.9135 77.659 0.0
768.8313 77.675 0.0
771.7602 77.690 0.0
774.7003 77.706 0.0
777.6516 77.721 0.0
780.6141 77.735 0.0
783.5879 77.749 0.0
786.5731 77.763 0.0
789.5696 77.777 0.0
792.5776 77.790 0.0
795.5969 77.803 0.0
798.6278 77.815 0.0
801.6703 77.827 0.0
804.7243 77.839 0.0
807.7900 77.850 0.0
810.8673 77.861 0.0
813.9564 77.872 0.0
817.0573 77.882 0.0
820.1699 77.892 0.0
823.2944 77.901 0.0
826.4308 77.910 0.0
829.5792 77.919 0.0
832.7396 77.928 0.0
835.9120 77.936 0.0
839.0964 77.943 0.0
842.2931 77.950 0.0
845.5018 77.957 0.0
848.7229 77.964 0.0
851.9561 77.970 0.0
855.2018 77.976 0.0
858.4597 77.981 0.0
861.7301 77.986 0.0
865.0129 77.990 0.0
868.3083 77.995 0.0
871.6162 77.998 0.0
874.9367 78.002 0.0
878.2698 78.005 0.0
881.6157 78.007 0.0
884.9743 78.010 0.0
888.3457 78.011 0.0
891.7299 78.013 0.0
895.1270 78.014 0.0
898.5371 78.015 0.0
901.9602 78.015 0.0
905.3963 78.015 0.0
908.8454 78.014 0.0
912.3078 78.013 0.0
915.7833 78.012 0.0
919.2720 78.011 0.0
922.7741 78.009 0.0
926.2895 78.006 0.0
929.8183 78.003 0.0
933.3605 78.000 0.0
936.9162 77.996 0.0
940.4855 77.992 0.0
944.0684 77.988 0.0
947.6649 77.983 0.0
951.2751 77.978 0.0
954.8990 77.973 0.0
958.5368 77.967 0.0
962.1885 77.960 0.0
965.8540 77.954 0.0
969.5335 77.947 0.0
973.2270 77.939 0.0
976.9346 77.932 0.0
980.6564 77.923 0.0
984.3923 77.915 0.0
988.1424 77.906 0.0
991.9068 77.896 0.0
995.6856 77.887 0.0
999.4787 77.877 0.0
1003.2863 77.866 0.0
1007.1084 77.855 0.0
1010.9451 77.844 0.0
1014.7964 77.833 0.0
1018.6623 77.821 0.0
1022.5430 77.809 0.0
1026.4385 77.796 0.0
1030.3488 77.783 0.0
1034.2740 77.769 0.0
1038.2142 77.756 0.0
1042.1693 77.742 0.0
1046.1396 77.727 0.0
1050.1250 77.712 0.0
1054.1255 77.697 0.0
1058.1413 77.682 0.0
1062.1724 77.666 0.0
1066.2188 77.650 0.0
1070.2807 77.633 0.0
1074.3580 77.616 0.0
1078.4509 77.599 0.0
1082.5593 77.582 0.0
1086.6834 77.564 0.0
1090.8232 77.546 0.0
1094.9788 77.527 0.0
1099.1503 77.508 0.0
1103.3376 77.489 0.0
1107.5408 77.470 0.0
1111.7601 77.450 0.0
1115.9955 77.430 0.0
1120.2469 77.409 0.0
1124.5146 77.388 0.0
1128.7986 77.367 0.0
1133.0988 77.346 0.0
1137.4155 77.324 0.0
1141.7486 77.302 0.0
1146.0982 77.280 0.0
1150.4643 77.257 0.0
1154.8471 77.235 0.0
1159.2466 77.211 0.0
1163.6629 77.188 0.0
1168.0959 77.164 0.0
1172.5459 77.140 0.0
1177.0128 77.116 0.0
1181.4968 77.091 0.0
1185.9978 77.067 0.0
1190.5160 77.041 0.0
1195.0513 77.016 0.0
1199.6040 76.990 0.0
1204.1740 76.965 0.0
1208.7614 76.938 0.0
1213.3663 76.912 0.0
1217.9887 76.885 0.0
1222.6288 76.859 0.0
1227.2865 76.831 0.0
1231.9619 76.804 0.0
1236.6552 76.776 0.0
1241.3663 76.749 0.0
1246.0954 76.721 0.0
1250.8426 76.692 0.0
1255.6078 76.664 0.0
1260.3911 76.635 0.0
1265.1927 76.606 0.0
1270.0125 76.577 0.0
1274.8508 76.548 0.0
1279.7074 76.518 0.0
1284.5826 76.489 0.0
1289.4763 76.459 0.0
1294.3887 76.429 0.0
1299.3198 76.398 0.0
1304.2697 76.368 0.0
1309.2384 76.337 0.0
1314.2261 76.306 0.0
1319.2327 76.275 0.0
1324.2585 76.244 0.0
1329.3034 76.213 0.0
1334.3675 76.182 0.0
1339.4508 76.150 0.0
1344.5536 76.118 0.0
1349.6758 76.086 0.0
1354.8175 76.054 0.0
1359.9788 76.022 0.0
1365.1598 75.990 0.0
1370.3605 75.957 0.0
1375.5810 75.925 0.0
1380.8214 75.892 0.0
1386.0818 75.859 0.0
1391.3622 75.826 0.0
1396.6627 75.793 0.0
1401.9834 75.760 0.0
1407.3244 75.727 0.0
1412.6857 75.694 0.0
1418.0675 75.660 0.0
1423.4697 75.627 0.0
1428.8926 75.593 0.0
1434.3360 75.560 0.0
1439.8003 75.526 0.0
1445.2853 75.492 0.0
1450.7913 75.458 0.0
1456.3182 75.424 0.0
1461.8662 75.390 0.0
1467.4353 75.356 0.0
1473.0256 75.322 0.0
1478.6372 75.288 0.0
1484.2702 75.254 0.0
1489.9247 75.220 0.0
1495.6007 75.186 0.0
1501.2983 75.152 0.0
1507.0177 75.117 0.0
1512.7588 75.083 0.0
1518.5218 75.049 0.0
1524.3067 75.015 0.0
1530.1137 74.980 0.0
1535.9428 74.946 0.0
1541.7941 74.912 0.0
1547.6677 74.878 0.0
1553.5637 74.843 0.0
1559.4821 74.809 0.0
1565.4231 74.775 0.0
1571.3868 74.741 0.0
1577.3731 74.707 0.0
1583.3822 74.673 0.0
1589.4143 74.639 0.0
1595.4693 74.605 0.0
1601.5474 74.571 0.0
1607.6486 74.537 0.0
1613.7731 74.503 0.0
1619.9209 74.469 0.0
1626.0922 74.436 0.0
1632.2869 74.402 0.0
1638.5052 74.369 0.0
1644.7473 74.335 0.0
1651.0131 74.302 0.0
1657.3028 74.269 0.0
1663.6164 74.235 0.0
1669.9541 74.202 0.0
1676.3160 74.169 0.0
1682.7020 74.137 0.0
1689.1124 74.104 0.0
1695.5473 74.071 0.0
1702.0066 74.039 0.0
1708.4906 74.006 0.0
1714.9992 73.974 0.0
1721.5327 73.942 0.0
1728.0910 73.910 0.0
1734.6743 73.878 0.0
1741.2827 73.846 0.0
1747.9163 73.815 0.0
1754.5751 73.784 0.0
1761.2593 73.752 0.0
1767.9690 73.721 0.0
1774.7043 73.690 0.0
1781.4651 73.660 0.0
1788.2518 73.629 0.0
1795.0643 73.599 0.0
1801.9028 73.569 0.0
1808.7673 73.539 0.0
1815.6579 73.509 0.0
1822.5749 73.479 0.0
1829.5181 73.450 0.0
1836.4878 73.421 0.0
1843.4841 73.392 0.0
1850.5070 73.363 0.0
1857.5567 73.334 0.0
1864.6332 73.306 0.0
1871.7367 73.278 0.0
1878.8673 73.250 0.0
1886.0250 73.222 0.0
1893.2100 73.195 0.0
1900.4223 73.168 0.0
1907.6621 73.141 0.0
1914.9296 73.114 0.0
1922.2247 73.087 0.0
1929.5475 73.061 0.0
1936.8983 73.035 0.0
1944.2771 73.009 0.0
1951.6840 72.984 0.0
1959.1191 72.959 0.0
1966.5826 72.934 0.0
1974.0745 72.909 0.0
1981.5949 72.885 0.0
1989.1439 72.861 0.0
1996.7218 72.837 0.0
2004.3285 72.813 0.0
2011.9641 72.790 0.0
2019.6289 72.767 0.0
2027.3228 72.744 0.0
2035.0461 72.722 0.0
2042.7988 72.700 0.0
2050.5810 72.678 0.0
2058.3929 72.657 0.0
2066.2345 72.635 0.0
2074.1060 72.614 0.0
2082.0075 72.594 0.0
2089.9391 72.574 0.0
2097.9009 72.554 0.0
2105.8931 72.534 0.0
2113.9157 72.515 0.0
2121.9688 72.496 0.0
2130.0527 72.477 0.0
2138.1673 72.459 0.0
2146.3128 72.441 0.0
2154.4894 72.423 0.0
2162.6971 72.406 0.0
2170.9361 72.389 0.0
2179.2065 72.372 0.0
2187.5084 72.356 0.0
2195.8419 72.340 0.0
2204.2072 72.324 0.0
2212.6043 72.309 0.0
2221.0334 72.294 0.0
2229.4946 72.280 0.0
2237.9881 72.265 0.0
2246.5139 72.251 0.0
2255.0722 72.238 0.0
2263.6631 72.225 0.0
2272.2867 72.212 0.0
2280.9432 72.200 0.0
2289.6327 72.188 0.0
2298.3552 72.176 0.0
2307.1110 72.165 0.0
2315.9002 72.154 0.0
2324.7228 72.143 0.0
2333.5791 72.133 0.0
2342.4690 72.123 0.0
2351.3929 72.114 0.0
2360.3507 72.105 0.0
2369.3427 72.096 0.0
2378.3689 72.088 0.0
2387.4295 72.080 0.0
2396.5247 72.072 0.0
2405.6544 72.065 0.0
2414.8190 72.058 0.0
2424.0185 72.052 0.0
2433.2530 72.046 0.0
2442.5227 72.040 0.0
2451.8277 72.035 0.0
2461.1682 72.030 0.0
2470.5442 72.025 0.0
2479.9560 72.021 0.0
2489.4036 72.018 0.0
2498.8872 72.014 0.0
2508.4069 72.011 0.0
2517.9629 72.009 0.0
2527.5553 72.007 0.0
2537.1843 72.005 0.0
2546.8499 72.003 0.0
2556.5524 72.002 0.0
2566.2918 72.002 0.0
2576.0683 72.002 0.0
2585.8821 72.002 0.0
2595.7332 72.002 0.0
2605.6219 72.003 0.0
2615.5483 72.005 0.0
2625.5124 72.006 0.0
2635.5146 72.009 0.0
2645.5548 72.011 0.0
2655.6333 72.014 0.0
2665.7501 72.017 0.0
2675.9056 72.021 0.0
2686.0997 72.025 0.0
2696.3326 72.030 0.0
2706.6045 72.034 0.0
2716.9156 72.040 0.0
2727.2659 72.045 0.0
2737.6557 72.051 0.0
2748.0850 72.058 0.0
2758.5541 72.065 0.0
2769.0631 72.072 0.0
2779.6121 72.079 0.0
2790.2013 72.087 0.0
2800.8308 72.095 0.0
2811.5008 72.104 0.0
2822.2115 72.113 0.0
2832.9629 72.123 0.0
2843.7554 72.132 0.0
2854.5889 72.143 0.0
2865.4637 72.153 0.0
2876.3800 72.164 0.0
2887.3378 72.175 0.0
2898.3374 72.187 0.0
2909.3788 72.199 0.0
2920.4624 72.211 0.0
2931.5882 72.224 0.0
2942.7563 72.237 0.0
2953.9670 72.251 0.0
2965.2204 72.265 0.0
2976.5167 72.279 0.0
2987.8560 72.293 0.0
2999.2385 72.308 0.0
3010.6644 72.324 0.0
3022.1338 72.339 0.0
3033.6469 72.355 0.0
3045.2038 72.371 0.0
3056.8048 72.388 0.0
3068.4500 72.405 0.0
3080.1395 72.422 0.0
3091.8736 72.440 0.0
3103.6523 72.458 0.0
3115.4760 72.476 0.0
3127.3447 72.495 0.0
3139.2586 72.514 0.0
3151.2179 72.533 0.0
3163.2227 72.553 0.0
3175.2733 72.573 0.0
3187.3698 72.593 0.0
3199.5124 72.613 0.0
3211.7012 72.634 0.0
3223.9365 72.655 0.0
3236.2183 72.677 0.0
3248.5470 72.699 0.0
3260.9226 72.721 0.0
3273.3454 72.743 0.0
3285.8155 72.766 0.0
3298.3331 72.789 0.0
3310.8984 72.812 0.0
3323.5116 72.836 0.0
3336.1728 72.859 0.0
3348.8823 72.883 0.0
3361.6402 72.908 0.0
3374.4466 72.932 0.0
3387.3019 72.957 0.0
3400.2061 72.983 0.0
3413.1595 73.008 0.0
3426.1622 73.034 0.0
3439.2145 73.060 0.0
3452.3165 73.086 0.0
3465.4684 73.112 0.0
3478.6705 73.139 0.0
3491.9228 73.166 0.0
3505.2256 73.193 0.0
3518.5790 73.221 0.0
3531.9834 73.248 0.0
3545.4388 73.276 0.0
3558.9455 73.304 0.0
3572.5036 73.333 0.0
3586.1134 73.361 0.0
3599.7750 73.390 0.0
3613.4887 73.419 0.0
3627.2546 73.448 0.0
3641.0729 73.477 0.0
3654.9439 73.507 0.0
3668.8678 73.537 0.0
3682.8446 73.567 0.0
3696.8748 73.597 0.0
3710.9583 73.627 0.0
3725.0956 73.658 0.0
3739.2867 73.688 0.0
3753.5318 73.719 0.0
3767.8312 73.750 0.0
3782.1851 73.781 0.0
3796.5937 73.813 0.0
3811.0572 73.844 0.0
3825.5757 73.876 0.0
3840.1496 73.908 0.0
3854.7790 73.940 0.0
3869.4641 73.972 0.0
3884.2052 74.004 0.0
3899.0025 74.036 0.0
3913.8561 74.069 0.0
3928.7662 74.101 0.0
3943.7332 74.134 0.0
3958.7572 74.167 0.0
3973.8385 74.200 0.0
3988.9772 74.233 0.0
4004.1736 74.266 0.0
4019.4278 74.299 0.0
4034.7402 74.332 0.0
4050.1109 74.366 0.0
4065.5402 74.399 0.0
4081.0282 74.433 0.0
4096.5753 74.466 0.0
4112.1815 74.500 0.0
4127.8473 74.534 0.0
4143.5727 74.568 0.0
4159.3580 74.602 0.0
4175.2034 74.636 0.0
4191.1092 74.670 0.0
4207.0757 74.704 0.0
4223.1029 74.738 0.0
4239.1912 74.772 0.0
4255.3408 74.806 0.0
4271.5519 74.840 0.0
4287.8247 74.874 0.0
4304.1596 74.908 0.0
4320.5567 74.943 0.0
4337.0162 74.977 0.0
4353.5385 75.011 0.0
4370.1237 75.045 0.0
4386.7721 75.079 0.0
4403.4839 75.114 0.0
4420.2593 75.148 0.0
4437.0987 75.182 0.0
4454.0022 75.216 0.0
4470.9702 75.250 0.0
4488.0027 75.284 0.0
4505.1002 75.318 0.0
4522.2628 75.352 0.0
4539.4907 75.386 0.0
4556.7843 75.420 0.0
4574.1438 75.454 0.0
4591.5694 75.488 0.0
4609.0614 75.522 0.0
4626.6201 75.555 0.0
4644.2456 75.589 0.0
4661.9383 75.622 0.0
4679.6984 75.656 0.0
4697.5261 75.689 0.0
4715.4217 75.722 0.0
4733.3856 75.756 0.0
4751.4178 75.789 0.0
4769.5188 75.822 0.0
4787.6887 75.854 0.0
4805.9278 75.887 0.0
4824.2365 75.920 0.0
4842.6148 75.952 0.0
4861.0632 75.985 0.0
4879.5819 76.017 0.0
4898.1711 76.049 0.0
4916.8311 76.081 0.0
4935.5622 76.113 0.0
4954.3647 76.145 0.0
4973.2388 76.176 0.0
4992.1848 76.208 0.0
5011.2030 76.239 0.0
5030.2936 76.270 0.0
5049.4569 76.301 0.0
5068.6933 76.332 0.0
5088.0030 76.362 0.0
5107.3862 76.393 0.0
5126.8432 76.423 0.0
5146.3744 76.453 0.0
5165.9800 76.483 0.0
5185.6602 76.512 0.0
5205.4155 76.542 0.0
5225.2460 76.571 0.0
5245.1520 76.600 0.0
5265.1339 76.629 0.0
5285.1919 76.658 0.0
5305.3263 76.686 0.0
5325.5375 76.714 0.0
5345.8256 76.742 0.0
5366.1910 76.770 0.0
5386.6340 76.797 0.0
5407.1548 76.825 0.0
5427.7539 76.852 0.0
5448.4314 76.879 0.0
5469.1877 76.905 0.0
5490.0231 76.931 0.0
5510.9378 76.958 0.0
5531.9322 76.983 0.0
5553.0066 77.009 0.0
5574.1613 77.034 0.0
5595.3966 77.059 0.0
5616.7127 77.084 0.0
5638.1101 77.108 0.0
5659.5890 77.133 0.0
5681.1497 77.157 0.0
5702.7926 77.180 0.0
5724.5179 77.204 0.0
5746.3259 77.227 0.0
5768.2171 77.249 0.0
5790.1916 77.272 0.0
5812.2499 77.294 0.0
5834.3922 77.316 0.0
5856.6188 77.338 0.0
5878.9302 77.359 0.0
5901.3265 77.380 0.0
5923.8081 77.401 0.0
5946.3754 77.421 0.0
5969.0286 77.441 0.0
5991.7682 77.461 0.0
6014.5944 77.480 0.0
6037.5075 77.499 0.0
6060.5080 77.518 0.0
6083.5960 77.536 0.0
6106.7720 77.555 0.0
6130.0363 77.572 0.0
6153.3893 77.590 0.0
6176.8311 77.607 0.0
6200.3623 77.624 0.0
6223.9832 77.640 0.0
6247.6940 77.656 0.0
6271.4952 77.672 0.0
6295.3870 77.687 0.0
6319.3698 77.702 0.0
6343.4441 77.717 0.0
6367.6100 77.731 0.0
6391.8680 77.745 0.0
6416.2184 77.759 0.0
6440.6615 77.772 0.0
6465.1978 77.785 0.0
6489.8276 77.798 0.0
6514.5512 77.810 0.0
6539.3689 77.822 0.0
6564.2812 77.833 0.0
6589.2885 77.844 0.0
6614.3910 77.855 0.0
6639.5891 77.865 0.0
6664.8832 77.875 0.0
6690.2737 77.885 0.0
6715.7609 77.894 0.0
6741.3452 77.903 0.0
6767.0269 77.911 0.0
6792.8065 77.919 0.0
6818.6843 77.927 0.0
6844.6607 77.934 0.0
6870.7361 77.941 0.0
6896.9108 77.948 0.0
6923.1852 77.954 0.0
6949.5597 77.960 0.0
6976.0347 77.965 0.0
7002.6105 77.970 0.0
7029.2876 77.975 0.0
7056.0663 77.979 0.0
7082.9470 77.983 0.0
7109.9301 77.986 0.0
7137.0161 77.990 0.0
7164.2052 77.992 0.0
7191.4979 77.995 0.0
7218.8945 77.996 0.0
7246.3956 77.998 0.0
7274.0014 77.999 0.0
7301.7123 78.000 0.0
7329.5289 78.000 0.0
7357.4514 78.000 0.0
7385.4802 78.000 0.0
7413.6159 77.999 0.0
7441.8587 77.998 0.0
7470.2092 77.996 0.0
7498.6676 77.994 0.0
7527.2345 77.992 0.0
7555.9101 77.989 0.0
7584.6951 77.986 0.0
7613.5897 77.982 0.0
7642.5943 77.978 0.0
7671.7095 77.974 0.0
7700.9355 77.969 0.0
7730.2729 77.964 0.0
7759.7221 77.959 0.0
7789.2835 77.953 0.0
7818.9575 77.947 0.0
7848.7445 77.940 0.0
7878.6450 77.933 0.0
7908.6594 77.925 0.0
7938.7882 77.918 0.0
7969.0317 77.910 0.0
7999.3904 77.901 0.0
8029.8648 77.892 0.0
8060.4553 77.883 0.0
8091.1624 77.873 0.0
8121.9864 77.863 0.0
8152.9278 77.853 0.0
8183.9871 77.842 0.0
8215.1648 77.831 0.0
8246.4612 77.819 0.0
8277.8768 77.807 0.0
8309.4122 77.795 0.0
8341.0676 77.782 0.0
8372.8437 77.769 0.0
8404.7408 77.756 0.0
8436.7594 77.742 0.0
8468.9000 77.728 0.0
8501.1630 77.714 0.0
8533.5490 77.699 0.0
8566.0583 77.684 0.0
8598.6915 77.669 0.0
8631.4490 77.653 0.0
8664.3313 77.637 0.0
8697.3388 77.620 0.0
8730.4721 77.603 0.0
8763.7316 77.586 0.0
8797.1179 77.569 0.0
8830.6313 77.551 0.0
8864.2724 77.533 0.0
8898.0416 77.514 0.0
8931.9395 77.495 0.0
8965.9666 77.476 0.0
9000.1232 77.457 0.0
9034.4100 77.437 0.0
9068.8274 77.417 0.0
9103.3759 77.396 0.0
9138.0561 77.375 0.0
9172.8683 77.354 0.0
9207.8132 77.333 0.0
9242.8912 77.311 0.0
9278.1028 77.289 0.0
9313.4486 77.267 0.0
9348.9290 77.245 0.0
9384.5446 77.222 0.0
9420.2959 77.199 0.0
9456.1833 77.175 0.0
9492.2075 77.151 0.0
9528.3690 77.127 0.0
9564.6681 77.103 0.0
9601.1056 77.079 0.0
9637.6819 77.054 0.0
9674.3975 77.029 0.0
9711.2530 77.003 0.0
9748.2489 76.978 0.0
9785.3857 76.952 0.0
9822.6640 76.926 0.0
9860.0844 76.899 0.0
9897.6473 76.873 0.0
9935.3532 76.846 0.0
9973.2029 76.819 0.0
10011.1967 76.792 0.0
10049.3353 76.764 0.0
10087.6191 76.736 0.0
10126.0488 76.708 0.0
10164.6249 76.680 0.0
10203.3480 76.651 0.0
10242.2185 76.623 0.0
10281.2372 76.594 0.0
10320.4045 76.565 0.0
10359.7210 76.536 0.0
10399.1873 76.506 0.0
10438.8040 76.476 0.0
10478.5715 76.446 0.0
10518.4906 76.416 0.0
10558.5617 76.386 0.0
10598.7855 76.356 0.0
10639.1626 76.325 0.0
10679.6934 76.294 0.0
10720.3787 76.263 0.0
10761.2189 76.232 0.0
10802.2148 76.201 0.0
10843.3668 76.169 0.0
10884.6756 76.138 0.0
10926.1417 76.106 0.0
10967.7658 76.074 0.0
11009.5485 76.042 0.0
11051.4904 76.010 0.0
11093.5921 75.978 0.0
11135.8541 75.945 0.0
11178.2772 75.913 0.0
11220.8618 75.880 0.0
11263.6087 75.847 0.0
11306.5184 75.815 0.0
11349.5916 75.782 0.0
11392.8289 75.748 0.0
11436.2310 75.715 0.0
11479.7983 75.682 0.0
11523.5316 75.649 0.0
11567.4316 75.615 0.0
11611.4988 75.582 0.0
11655.7338 75.548 0.0
11700.1374 75.514 0.0
11744.7101 75.481 0.0
11789.4527 75.447 0.0
11834.3656 75.413 0.0
11879.4497 75.379 0.0
11924.7056 75.345 0.0
11970.1338 75.311 0.0
12015.7351 75.277 0.0
12061.5102 75.243 0.0
12107.4596 75.209 0.0
12153.5840 75.175 0.0
12199.8842 75.140 0.0
12246.3608 75.106 0.0
12293.0144 75.072 0.0
12339.8457 75.038 0.0
12386.8555 75.004 0.0
12434.0444 74.969 0.0
12481.4130 74.935 0.0
12528.9620 74.901 0.0
12576.6923 74.867 0.0
12624.6043 74.833 0.0
12672.6989 74.798 0.0
12720.9767 74.764 0.0
12769.4384 74.730 0.0
12818.0847 74.696 0.0
12866.9164 74.662 0.0
12915.9341 74.628 0.0
12965.1385 74.594 0.0
13014.5303 74.560 0.0
13064.1104 74.526 0.0
13113.8793 74.493 0.0
13163.8378 74.459 0.0
13213.9866 74.425 0.0
13264.3265 74.392 0.0
13314.8582 74.358 0.0
13365.5823 74.325 0.0
13416.4997 74.292 0.0
13467.6111 74.258 0.0
13518.9172 74.225 0.0
13570.4187 74.192 0.0
13622.1164 74.159 0.0
13674.0111 74.127 0.0
13726.1035 74.094 0.0
13778.3943 74.061 0.0
13830.8844 74.029 0.0
13883.5744 73.997 0.0
13936.4651 73.964 0.0
13989.5573 73.932 0.0
14042.8518 73.900 0.0
14096.3493 73.869 0.0
14150.0507 73.837 0.0
14203.9566 73.806 0.0
14258.0678 73.774 0.0
14312.3852 73.743 0.0
14366.9095 73.712 0.0
14421.6416 73.681 0.0
14476.5821 73.651 0.0
14531.7320 73.620 0.0
14587.0919 73.590 0.0
14642.6628 73.560 0.0
14698.4453 73.530 0.0
14754.4404 73.500 0.0
14810.6488 73.471 0.0
14867.0713 73.441 0.0
14923.7087 73.412 0.0
14980.5619 73.383 0.0
15037.6318 73.354 0.0
15094.9190 73.326 0.0
15152.4244 73.298 0.0
15210.1490 73.270 0.0
15268.0934 73.242 0.0
15326.2586 73.214 0.0
15384.6454 73.187 0.0
15443.2546 73.160 0.0
15502.0870 73.133 0.0
15561.1436 73.106 0.0
15620.4252 73.080 0.0
15679.9326 73.053 0.0
15739.6668 73.028 0.0
15799.6285 73.002 0.0
15859.8186 72.977 0.0
15920.2380 72.951 0.0
15980.8876 72.927 0.0
16041.7682 72.902 0.0
16102.8808 72.878 0.0
16164.2262 72.854 0.0
16225.8052 72.830 0.0
16287.6189 72.806 0.0
16349.6681 72.783 0.0
16411.9536 72.760 0.0
16474.4764 72.738 0.0
16537.2374 72.715 0.0
16600.2376 72.693 0.0
16663.4777 72.671 0.0
16726.9587 72.650 0.0
16790.6815 72.629 0.0
16854.6472 72.608 0.0
16918.8565 72.588 0.0
16983.3104 72.567 0.0
17048.0098 72.548 0.0
17112.9558 72.528 0.0
17178.1491 72.509 0.0
17243.5909 72.490 0.0
17309.2819 72.471 0.0
17375.2231 72.453 0.0
17441.4156 72.435 0.0
17507.8603 72.418 0.0
17574.5581 72.400 0.0
17641.5099 72.383 0.0
17708.7169 72.367 0.0
17776.1798 72.351 0.0
17843.8998 72.335 0.0
17911.8777 72.319 0.0
17980.1147 72.304 0.0
18048.6115 72.289 0.0
18117.3694 72.275 0.0
18186.3891 72.261 0.0
18255.6718 72.247 0.0
18325.2184 72.233 0.0
18395.0300 72.220 0.0
18465.1076 72.208 0.0
18535.4521 72.195 0.0
18606.0645 72.183 0.0
18676.9460 72.172 0.0
18748.0975 72.161 0.0
18819.5201 72.150 0.0
18891.2148 72.139 0.0
18963.1826 72.129 0.0
19035.4245 72.119 0.0
19107.9417 72.110 0.0
19180.7351 72.101 0.0
19253.8059 72.092 0.0
19327.1550 72.084 0.0
19400.7835 72.076 0.0
19474.6926 72.069 0.0
19548.8832 72.062 0.0
19623.3564 72.055 0.0
19698.1134 72.049 0.0
19773.1551 72.043 0.0
19848.4828 72.037 0.0
19924.0973 72.032 0.0
20000.0000 72.027 0.0
